02,0.01,2.32
17688,0.03,0.01,3.66
17711,0.04,0.01,3.36
17734,0.03,0.02,2.01
17757,0.02,-0.00,2.32
17781,0.02,-0.01,2.69
17805,0.02,0.01,3.05
17828,0.02,0.00,1.65
17851,0.03,0.01,3.42
17874,0.01,0.00,2.26
17897,0.02,0.02,3.72
17919,0.01,0.01,3.11
17942,0.02,0.00,3.42
17965,0.02,0.02,3.78
17988,0.03,-0.00,2.87
18012,0.03,0.02,2.99
18035,0.02,0.02,3.54
18058,0.02,0.02,3.36
18081,0.02,0.01,3.30
18104,0.00,0.01,2.75
18127,0.02,0.02,2.38
18150,0.04,0.02,3.23
18173,0.00,0.01,2.81
18196,0.02,0.02,2.62
18218,0.01,0.02,2.08
18241,0.00,0.02,4.64
18264,0.01,0.02,3.11
18287,0.01,0.04,11.47
18311,0.14,-0.01,1.59
18335,0.06,-0.05,2.93
18359,0.03,0.01,2.62
18382,0.02,0.02,1.28
18405,0.02,0.00,1.65
18428,0.02,0.02,5.00
18451,0.02,0.01,2.99
18474,0.01,0.01,2.38
18497,0.03,0.01,3.11
18519,0.02,0.01,3.05
18542,0.01,0.01,3.11
18565,0.02,0.01,1.83
18588,0.02,0.01,3.17
18611,0.02,0.02,2.32
18634,0.01,0.01,2.08
18657,0.01,0.01,2.56
18680,0.02,0.01,1.77
18703,0.02,0.01,1.59
18726,0.02,0.03,4.03
18749,0.01,0.01,4.15
18772,0.08,0.00,5.68
18794,0.14,-0.02,-0.73
18819,0.02,0.02,-8.42
18843,-0.03,0.07,-7.39
18868,0.02,0.04,1.89
18891,0.02,0.01,3.30
18914,0.01,0.00,3.91
18937,-0.00,0.02,3.42
18961,-0.00,0.03,4.09
18985,0.00,0.03,3.48
19008,-0.00,0.02,2.75
19032,0.01,0.03,3.85
19055,-0.00,0.02,1.95
19079,0.00,0.03,2.20
19102,-0.00,0.01,3.42
19126,0.00,0.01,3.17
19149,-0.00,0.03,3.11
19173,-0.00,0.02,3.17
19197,-0.00,0.02,3.60
19221,0.01,0.03,3.54
19243,-0.00,0.01,2.81
19267,0.00,0.02,2.93
19290,0.01,0.02,1.95
19313,0.01,0.01,2.20
19336,0.00,0.03,4.03
19359,0.01,0.02,2.01
19382,0.01,0.02,2.38
19405,0.00,0.02,2.81
19428,0.01,0.01,2.56
19451,-0.00,0.02,2.87
19475,-0.01,0.02,3.17
19499,-0.03,0.01,3.05
19523,-0.01,0.02,3.30
19547,-0.01,0.02,2.69
19571,-0.01,0.02,3.78
19594,0.00,0.02,2.75
19617,0.01,0.03,1.83
19640,-0.01,0.03,2.93
19664,-0.00,0.01,2.87
19688,-0.00,0.03,2.50
19712,-0.00,0.03,3.48
19736,-0.01,0.00,3.91
19760,-0.01,0.03,2.56
19784,-0.00,0.03,2.99
19808,0.00,0.03,2.99
19831,-0.00,0.03,2.75
19855,-0.00,0.03,2.99
19879,-0.01,0.02,2.93
19903,-0.01,0.02,2.50
19927,-0.00,0.02,2.56
19951,-0.01,0.02,2.26
19975,-0.01,0.03,3.66
19999,-0.00,0.03,3.05
20023,-0.01,0.03,2.75
20047,0.01,0.03,3.30
20069,-0.02,0.02,2.50
20093,0.00,0.02,3.23
20116,0.01,0.02,2.32
20139,-0.00,0.02,3.05
20163,-0.00,0.02,3.42
20187,-0.00,0.02,2.75
20211,-0.01,0.03,2.81
20235,0.00,0.02,3.30
20258,0.00,0.02,2.93
20282,-0.01,0.01,3.60
20305,-0.00,0.03,3.23
20329,-0.00,0.02,3.30
20353,0.00,0.02,3.30
20376,-0.01,0.02,3.17
20400,-0.01,0.02,2.56
20424,0.00,0.03,3.54
20447,-0.00,0.02,2.32
20470,0.01,0.02,2.81
20493,0.01,0.02,3.72
20516,-0.02,0.03,2.93
20540,-0.00,0.02,2.75
20564,0.01,0.02,6.77
20587,0.09,-0.01,5.55
20611,-0.05,0.03,4.70
20635,0.14,0.01,5.62
20658,0.17,0.04,10.19
20682,-0.03,0.09,1.77
20707,0.07,0.02,2.56
20729,-0.33,0.05,-3.48
20754,-0.18,0.06,5.98
20778,0.34,0.13,-4.33
20802,0.02,0.05,-2.87
20826,0.21,0.10,9.46
20849,0.01,0.10,-2.14
20873,0.02,-0.02,-8.91
20898,-0.30,0.08,0.67
20922,-0.23,-0.04,-6.96
20948,-0.40,-0.01,-7.81
20974,-0.01,-0.02,-11.05
21001,0.03,-0.04,4.58
21025,-0.24,-0.11,-6.04
21051,-0.08,0.04,-12.88
21077,-0.11,-0.00,-1.16
21103,-0.18,0.04,-27.95
21129,-0.11,0.06,-18.68
21155,0.03,0.01,-15.81
21180,-0.30,-0.05,-21.30
21207,-0.04,0.10,-3.54
21232,-0.02,-0.05,-2.14
21258,-0.07,-0.04,-1.95
21284,-0.02,0.05,1.89
21308,-0.03,0.01,5.86
21332,0.01,0.02,2.75
21355,0.01,0.01,3.78
21378,0.01,0.02,3.54
21401,0.00,0.03,1.89
21424,0.01,0.03,2.56
21447,0.00,0.02,3.78
21469,-0.00,0.02,4.46
21493,0.01,0.03,3.60
21516,-0.00,0.02,1.16
21540,0.00,0.03,2.38
21563,0.02,0.03,1.77
21586,0.00,0.04,2.38
21609,0.01,0.01,2.26
21632,0.01,0.01,2.38
21655,0.01,0.02,3.11
21678,-0.00,0.01,3.11
21702,-0.02,0.03,5.80
21726,-0.15,0.04,8.73
21750,-0.01,-0.12,14.77
21776,-0.06,-0.00,15.50
21802,-0.03,-0.02,5.00
21827,-0.06,0.00,8.18
21851,0.06,0.05,10.50
21875,-0.18,0.01,11.84
21900,-0.06,0.01,14.28
21925,0.03,0.06,11.41
21949,0.19,0.01,1.10
21972,-0.19,0.06,3.05
21995,-0.25,0.05,2.50
22019,-0.01,0.00,3.91
22043,-0.07,0.03,5.19
22067,-0.14,-0.03,0.79
22092,-0.16,0.10,18.98
22117,-0.08,-0.02,11.11
22143,0.00,0.02,9.09
22166,0.04,0.00,-3.36
22190,0.03,0.06,0.49
22213,-0.30,0.20,-3.11
22238,-0.07,0.08,-3.54
22263,0.53,-0.08,7.14
22287,0.39,-0.02,10.80
22312,0.30,0.01,-5.92
22336,0.08,0.01,5.07
22359,0.05,0.04,3.30
22382,0.13,0.04,7.69
22405,0.01,0.02,3.17
22428,-0.00,0.03,1.65
22452,0.01,0.03,2.81
22475,-0.01,0.02,3.91
22499,-0.01,0.02,2.75
22523,-0.00,0.03,2.62
22547,-0.01,0.02,2.26
22570,-0.00,0.02,2.44
22594,-0.00,0.02,2.81
22618,-0.00,0.00,3.05
22642,-0.00,0.01,2.93
22666,0.00,0.03,2.26
22689,0.01,0.03,3.60
22712,0.01,0.02,2.56
22735,0.00,0.03,2.38
22758,-0.01,0.03,3.17
22782,0.01,0.02,3.60
22805,-0.01,0.02,2.81
22829,-0.00,0.04,2.50
22853,0.01,0.02,2.14
22876,-0.00,0.02,2.87
22900,-0.00,0.02,2.50
22924,0.01,0.02,2.38
22947,0.01,0.01,2.32
22969,-0.00,0.02,2.81
22993,-0.00,0.02,2.69
23017,0.00,0.03,3.05
23040,0.00,0.01,2.38
23063,-0.00,0.02,3.72
23087,0.01,0.01,2.93
23110,0.01,0.01,2.99
23133,-0.00,0.02,3.85
23157,-0.05,0.20,6.23
23181,0.01,0.12,6.23
23204,-0.01,0.03,10.31
23229,-0.00,-0.01,7.20
23254,0.00,-0.04,4.64
23278,-0.07,0.19,11.23
23303,0.05,-0.01,1.10
23327,-0.05,0.09,-1.89
23352,0.05,-0.02,0.31
23376,-0.15,0.29,-2.20
23401,0.00,0.04,-4.46
23425,0.09,0.20,-3.42
23449,-0.18,0.11,-10.25
23475,0.04,0.07,-5.98
23499,-0.08,0.03,-6.23
23524,-0.06,0.11,-16.97
23550,0.11,-0.05,-9.95
23575,-0.01,0.07,-16.72
23601,-0.06,0.01,-13.67
23627,0.12,-0.11,-14.10
23653,-0.00,-0.08,-4.52
23679,-0.10,-0.20,-11.17
23706,-0.07,0.04,-0.85
23731,-0.13,-0.01,3.48
23756,0.11,-0.13,5.19
23780,0.01,0.15,2.81
23803,0.01,-0.07,9.95
23827,0.04,0.09,6.90
23850,0.02,0.04,5.00
23873,-0.00,0.08,4.94
23897,0.00,0.10,7.57
23919,0.01,0.05,4.15
23942,-0.01,-0.08,7.57
23967,-0.01,-0.04,6.65
23992,0.01,-0.00,4.82
24016,0.00,0.03,2.87
24039,-0.01,0.02,3.36
24063,0.00,0.03,2.08
24086,-0.01,0.01,2.69
24110,-0.01,0.04,3.36
24134,0.01,0.03,2.62
24157,0.01,0.02,3.30
24180,-0.00,0.03,2.56
24204,0.00,0.03,3.11
24227,-0.00,0.04,3.72
24251,0.00,0.03,3.48
24274,-0.00,0.02,2.69
24298,0.01,0.03,3.54
24320,0.01,0.02,3.60
24343,0.01,0.02,2.81
24366,0.00,0.02,2.69
24389,0.00,0.02,2.62
24412,0.01,0.02,3.91
24435,0.00,0.03,2.75
24458,0.01,-0.05,8.79
24482,0.06,-0.17,2.01
24506,-0.03,-0.11,0.31
24531,0.01,-0.08,3.78
24555,-0.08,-0.10,10.07
24581,0.05,-0.14,6.04
24605,0.09,-0.04,5.07
24629,-0.07,0.02,11.66
24654,-0.05,-0.04,12.76
24680,-0.00,-0.40,15.81
24706,0.07,-0.02,18.37
24731,-0.07,-0.19,13.79
24757,0.01,-0.23,8.18
24781,0.05,-0.04,14.71
24806,-0.05,0.07,12.88
24831,0.16,-0.16,15.38
24856,-0.01,0.07,11.90
24881,-0.18,0.19,24.48
24906,-0.03,0.07,10.93
24931,-0.02,0.41,28.69
24956,-0.02,0.26,7.51
24980,-0.17,0.31,-3.91
25005,0.02,0.17,-1.34
25029,-0.06,0.12,-7.93
25054,-0.02,-0.03,-5.13
25080,-0.04,0.19,-0.31
25105,0.00,0.07,3.42
25128,0.01,0.03,3.42
25151,0.00,0.02,3.91
25174,0.00,0.03,2.81
25197,-0.01,0.02,3.85
25220,-0.01,0.02,3.05
25244,-0.00,0.03,2.99
25268,-0.01,0.02,3.23
25292,-0.01,0.03,2.75
25316,-0.01,0.01,3.23
25340,0.01,0.01,3.42
25363,0.00,0.02,3.42
25386,-0.02,0.01,2.99
25410,-0.00,0.02,3.42
25434,-0.01,0.03,3.30
25458,-0.03,0.02,3.85
25482,0.01,0.02,3.72
25505,-0.01,0.02,3.91
25529,-0.02,0.01,2.26
25553,-0.00,0.02,2.50
25577,0.00,0.02,3.36
25600,-0.00,0.02,3.72
25624,0.00,0.03,3.78
25647,-0.01,0.04,3.36
25670,-0.01,0.03,3.23
25694,-0.01,0.02,2.81
25718,-0.00,0.02,3.78
25742,-0.02,0.02,3.85
25766,-0.01,0.02,4.15
25790,-0.01,0.01,4.03
25814,0.00,0.03,3.78
25837,-0.02,0.03,17.46
25862,-0.02,0.02,22.83
25887,-0.02,0.01,31.25
25912,-0.01,0.01,24.90
25937,-0.01,0.02,33.81
25962,0.08,0.04,48.22
25986,0.07,0.03,63.78
26010,-0.12,0.00,93.57
26035,-0.02,0.02,156.19
26061,0.11,0.11,176.39
26086,0.04,0.03,176.03
26111,-0.09,-0.05,213.32
26138,-0.26,-0.09,270.26
26165,-0.08,0.01,209.11
26191,-0.04,-0.02,204.04
26218,0.27,0.07,216.25
26243,-0.01,-0.17,332.21
26270,1.02,0.46,308.53
26295,0.22,0.09,223.02
26320,-0.01,-0.03,136.11
26348,0.13,0.02,133.36
26373,0.05,0.03,88.38
26397,0.04,0.06,68.42
26420,0.01,0.03,33.08
26444,0.04,0.07,35.10
26468,0.05,0.06,22.09
26492,0.01,0.04,6.84
26515,0.00,0.03,3.72
26538,0.01,0.03,3.78
26561,-0.00,0.04,4.03
26585,-0.00,0.04,3.23
26609,-0.00,0.03,3.54
26633,-0.00,0.03,1.46
26657,-0.01,0.04,-5.80
26682,-0.00,0.03,-10.80
26708,-0.01,0.03,-1.22
26733,0.00,0.02,-0.18
26757,-0.00,0.03,-4.58
26782,-0.01,0.03,-7.45
26807,-0.00,0.03,-5.92
26832,0.00,0.02,-0.06
26856,-0.01,0.03,-1.77
26881,-0.00,0.04,-6.16
26906,0.01,0.03,-11.54
26931,0.01,0.04,-6.10
26955,0.01,0.03,-6.77
26979,0.05,0.05,-22.58
27004,0.08,0.06,-55.24
27029,-0.30,-0.15,-113.53
27057,0.07,-0.01,-167.85
27084,-0.26,-0.11,-198.06
27112,-0.10,-0.04,-188.23
27140,0.04,-0.16,-178.28
27167,0.20,0.05,-226.50
27193,-0.07,0.04,-189.27
27220,0.07,0.02,-146.30
27247,0.23,0.01,-131.47
27273,0.08,0.03,-74.58
27298,-0.16,0.02,-131.96
27325,-0.04,0.01,-148.86
27352,-0.26,-0.10,-113.34
27380,-0.01,-0.00,-108.15
27408,0.14,0.07,-103.33
27434,-0.05,0.01,-139.16
27461,-0.06,0.02,-128.05
27488,0.39,-0.05,-64.58
27514,0.00,0.05,-111.51
27540,-0.01,0.03,-86.06
27566,0.08,0.04,-53.47
27591,-0.01,0.03,-44.98
27617,-0.10,0.00,-30.09
27643,0.01,0.02,-17.94
27668,-0.01,0.02,-23.32
27694,-0.01,0.02,-11.66
27720,-0.00,0.02,-4.15
27745,-0.02,0.01,1.59
27769,0.00,0.03,3.30
27792,-0.00,0.01,4.03
27816,-0.00,0.02,4.15
27840,0.00,0.02,5.19
27863,0.00,0.02,4.58
27886,0.01,0.01,4.33
27909,-0.00,0.02,4.64
27933,-0.00,0.03,4.52
27957,-0.01,0.02,3.97
27981,-0.00,0.03,4.33
28005,-0.01,0.02,3.85
28029,0.01,0.02,3.36
28052,-0.01,0.02,3.72
28076,0.00,0.03,3.17
28099,-0.00,0.02,3.11
28123,0.00,0.03,3.36
28145,0.02,0.02,2.87
28168,0.00,0.03,3.78
28191,0.00,0.03,3.05
28214,-0.00,0.03,3.30
28238,0.01,0.02,4.58
28261,-0.02,0.02,3.78
28285,0.01,0.04,3.23
28308,-0.01,0.00,3.60
28332,0.01,0.02,3.85
28355,0.01,0.01,3.66
28378,0.00,0.02,5.25
28401,-0.01,0.02,5.25
28425,-0.01,0.02,4.82
28449,0.01,0.03,4.03
28472,-0.01,0.01,4.76
28495,-0.01,0.01,3.36
28519,-0.00,0.02,4.27
28543,0.02,0.03,3.42
28566,-0.01,0.02,3.05
28590,-0.01,0.01,2.93
28614,-0.01,0.02,2.93
28638,0.01,0.02,3.05
28661,0.00,0.02,2.62
28684,0.02,0.03,1.71
28707,-0.01,0.02,2.50
28731,-0.01,0.02,3.60
28755,0.01,0.03,2.81
28778,-0.01,0.02,3.78
28802,-0.01,0.03,3.36
28826,-0.01,0.02,3.54
28850,0.01,0.02,3.60
28873,-0.01,0.03,3.17
28897,0.01,0.02,3.60
28919,-0.00,0.02,3.36
28943,-0.01,0.02,3.85
28967,0.00,0.01,3.66
28990,0.01,0.03,3.42
29013,0.01,0.03,3.48
29036,0.00,0.02,3.85
29059,-0.00,0.00,3.66
29083,-0.00,0.01,4.21
29107,0.01,0.02,3.60
29130,0.00,0.02,3.36
29153,-0.02,0.02,4.03
29177,-0.01,0.02,3.42
29201,0.01,0.03,3.23
29224,0.01,0.03,3.54
29247,-0.00,0.03,3.11
29270,-0.02,0.02,3.36
29294,-0.00,0.02,4.03
29318,-0.00,0.03,3.60
29342,0.01,0.02,2.56
29365,0.01,0.03,3.23
29388,-0.02,0.02,2.93
29412,-0.00,0.04,2.87
29436,-0.00,0.03,3.48
29460,-0.00,0.03,2.99
29484,-0.02,0.02,3.11
29508,-0.01,0.03,3.30
29532,-0.01,0.01,3.66
29556,-0.00,0.02,4.46
29580,0.00,0.02,5.00
29603,0.01,0.02,5.43
29626,-0.00,0.03,4.33
29650,-0.01,0.02,2.75
29674,-0.03,0.03,0.79
29698,-0.01,0.03,1.59
29722,0.00,0.02,2.62
29744,0.00,0.02,3.17
29767,-0.01,0.01,3.11
29791,-0.00,0.01,3.54
29815,0.01,0.02,3.17
29838,-0.00,0.02,4.70
29862,-0.01,0.02,2.75
29886,-0.01,0.03,3.11
29910,-0.01,0.01,2.99
29934,0.00,0.02,3.05
29957,0.01,0.01,2.62
29980,0.00,0.02,3.11
30003,-0.01,0.02,3.17
30027,-0.00,0.01,2.81
30051,0.01,0.03,2.69
30074,-0.02,0.02,3.23
30098,-0.01,0.02,3.48
30122,0.01,0.02,2.93
30144,-0.00,0.02,3.17
30168,-0.00,0.01,3.30
30192,-0.01,0.02,3.42
30216,-0.01,0.01,3.42
30240,0.00,0.03,3.11
30263,0.00,0.02,3.42
30286,0.00,0.02,3.42
30309,0.01,0.02,3.42
30332,-0.00,0.01,3.85
30356,-0.00,0.00,3.