0.00,0.00
0.00,0.00
0.00,0.00
0.00,0.00
0.00,0.00
0.00,0.00
0.00,0.00
0.00,0.00
0.00,0.00
0.00,0.00
0.00,0.00
0.00,0.00
0.00,0.00
0.00,0.00
0.00,0.00
0.00,0.00
0.00,0.00
0.00,0.00
0.00,0.00
0.00,0.00
0.00,0.00
0.00,0.00
0.00,0.00
0.00,0.00
0.00,0.00
0.00,0.00
0.00,0.00
0.00,0.00
0.00,0.00
0.00,0.00
0.00,0.00
0.00,0.00
0.00,0.00
0.00,0.00
0.00,0.00
0.00,0.00
0.00,0.00
0.00,0.00
0.00,0.00
0.00,0.00
0.00,0.00
0.00,0.00
0.00,0.00
0.00,0.00
0.00,0.00
0.00,0.00
0.00,0.00
0.00,0.00
0.00,0.00
0.00,0.00
0.00,0.00
0.00,0.00
0.00,0.00
0.00,0.00
0.00,0.00
0.00,0.00
0.00,0.00
0.00,0.00
0.00,0.00
0.00,0.00
0.00,0.00
0.00,0.00
0.00,0.00
0.00,0.00
0.00,0.00
0.00,0.00
0.00,0.00
0.00,0.00
0.00,0.00
0.00,0.00
0.00,0.00
0.00,0.00
0.00,0.00
0.00,0.00
0.00,0.00
0.00,0.00
0.00,0.00
0.00,0.00
0.00,0.00
0.00,0.00
0.00,0.00
0.00,0.00
0.00,0.00
0.00,0.00
0.00,0.00
0.00,0.00
0.00,0.00
0.00,0.00
0.00,0.00
0.00,0.00
0.00,0.00
0.00,0.00
0.00,0.00
0.00,0.00
-0.12,-0.12
0.00,0.00
-0.14,-0.14
-0.16,-0.30
-0.09,-0.38
-0.25,-0.63
-0.16,-0.79
-0.25,-1.04
-0.33,-1.38
-0.08,-1.46
-0.12,-1.57
-0.23,-1.80
0.00,0.00
0.00,0.00
0.25,0.25
0.14,0.39
0.11,0.49
0.07,0.56
0.22,0.78
0.10,0.88
0.18,1.06
0.06,1.12
0.21,1.33
0.24,1.57
0.00,0.00
0.00,0.00
0.00,0.00
0.00,0.00
0.00,0.00
0.00,0.00
0.00,0.00
0.00,0.00
0.00,0.00
0.00,0.00
0.00,0.00
0.00,0.00
0.00,0.00
0.00,0.00
0.00,0.00
0.00,0.00
0.00,0.00
0.00,0.00
0.00,0.00
0.00,0.00
0.00,0.00
0.00,0.00
0.00,0.00
0.00,0.00
0.00,0.00
0.00,0.00
0.00,0.00
0.00,0.00
0.00,0.00
0.00,0.00
0.00,0.00
0.00,0.00
0.00,0.00
0.00,0.00
0.00,0.00
0.00,0.00
0.00,0.00
0.00,0.00
0.00,0.00
0.00,0.00
0.00,0.00
0.00,0.00
0.00,0.00
0.00,0.00
0.00,0.00
0.00,0.00
0.00,0.00
0.00,0.00
0.00,0.00
0.00,0.00
0.00,0.00
0.00,0.00
0.00,0.00
0.00,0.00
0.00,0.00
0.00,0.00
0.00,0.00
0.00,0.00
0.00,0.00
0.00,0.00
0.00,0.00
0.00,0.00
0.00,0.00
0.83,0.83
0.85,1.68
0.75,2.43
0.41,2.85
0.05,2.90
-0.08,2.82
-0.43,2.39
-0.25,2.13
-0.24,1.89
-0.45,1.44
-0.23,1.21
0.08,1.28
-0.39,0.89
-0.25,0.64
-0.36,0.29
0.00,0.00
0.00,0.00
0.00,0.00
0.00,0.00
0.00,0.00
0.00,0.00
0.00,0.00
0.00,0.00
0.00,0.00
0.00,0.00
0.00,0.00
0.00,0.00
0.00,0.00
0.00,0.00
0.00,0.00
0.00,0.00
0.00,0.00
0.00,0.00
0.00,0.00
0.00,0.00
0.00,0.00
0.00,0.00
0.00,0.00
0.00,0.00
0.00,0.00
0.00,0.00
0.00,0.00
0.00,0.00
0.00,0.00
0.00,0.00
0.00,0.00
0.00,0.00
0.00,0.00
0.00,0.00
0.00,0.00
0.00,0.00
0.00,0.00
0.00,0.00
0.00,0.00
0.00,0.00
0.00,0.00
0.00,0.00
0.00,0.00
0.00,0.00
0.00,0.00
0.00,0.00
0.00,0.00
0.00,0.00
0.00,0.00
0.00,0.00
-0.11,-0.11
-0.29,-0.40
-0.20,-0.60
0.00,0.00
-0.26,-0.26
-0.20,-0.46
-0.12,-0.58
0.11,-0.47
0.06,-0.41
0.00,0.00
0.00,0.00
0.00,0.00
0.00,0.00
0.16,0.16
0.25,0.41
0.35,0.77
0.21,0.98
-1.08,-0.10
-0.18,-0.28
0.27,-0.01
0.40,0.39
0.13,0.52
0.00,0.00
0.00,0.00
0.00,0.00
-0.06,-0.06
-0.08,-0.14
0.00,0.00
0.00,0.00
0.00,0.00
0.12,0.12
0.00,0.00
0.00,0.00
0.10,0.10
0.19,0.29
0.31,0.60
0.11,0.71
0.35,1.05
0.00,0.00
0.00,0.00
0.00,0.00
0.00,0.00
0.00,0.00
0.00,0.00
0.00,0.00
0.00,0.00
0.00,0.00
0.00,0.00
0.00,0.00
0.00,0.00
0.00,0.00
0.00,0.00
0.00,0.00
0.00,0.00
0.00,0.00
0.00,0.00
0.00,0.00
0.00,0.00
0.00,0.00
0.00,0.00
0.00,0.00
0.00,0.00
0.00,0.00
0.00,0.00
0.00,0.00
0.00,0.00
0.00,0.00
0.00,0.00
0.00,0.00
0.00,0.00
0.00,0.00
0.00,0.00
0.00,0.00
0.00,0.00
0.00,0.00
0.13,0.13
0.34,0.47
0.24,0.71
0.56,1.27
0.31,1.57
0.33,1.91
0.33,2.24
0.09,2.33
-0.12,2.21
-0.09,2.12
-0.42,1.70
-0.37,1.33
-0.21,1.12
-0.11,1.01
-0.37,0.64
-0.45,0.18
-0.56,-0.38
-0.43,-0.81
-0.33,-1.14
-0.35,-1.49
0.00,0.00
0.00,0.00
0.00,0.00
0.00,0.00
0.00,0.00
0.00,0.00
0.00,0.00
0.00,0.00
0.00,0.00
0.00,0.00
0.00,0.00
0.00,0.00
0.00,0.00
0.00,0.00
0.00,0.00
0.00,0.00
0.00,0.00
0.00,0.00
0.00,0.00
0.00,0.00
0.00,0.00
0.00,0.00
0.00,0.00
0.00,0.00
0.00,0.00
0.00,0.00
0.00,0.00
0.00,0.00
0.00,0.00
0.00,0.00
0.00,0.00
0.00,0.00
0.00,0.00
0.00,0.00
0.00,0.00
0.00,0.00
0.00,0.00
0.00,0.00
0.00,0.00
0.00,0.00
0.00,0.00
0.00,0.00
0.00,0.00
0.00,0.00
0.00,0.00
0.00,0.00
0.00,0.00
0.00,0.00
0.00,0.00
0.00,0.00
0.00,0.00
0.00,0.00
0.00,0.00
0.00,0.00
0.00,0.00
0.00,0.00
0.00,0.00
0.00,0.00
0.00,0.00
0.00,0.00
0.00,0.00
0.00,0.00
0.00,0.00
0.00,0.00
0.00,0.00
0.00,0.00
0.00,0.00
0.00,0.00
0.00,0.00
0.00,0.00
0.00,0.00
0.00,0.00
0.00,0.00
0.00,0.00
0.00,0.00
0.00,0.00
0.00,0.00
0.00,0.00
0.00,0.00
0.00,0.00
0.00,0.00
0.00,0.00
0.00,0.00
0.00,0.00
0.00,0.00
0.00,0.00
0.00,0.00
0.00,0.00
0.00,0.00
0.00,0.00
0.00,0.00
0.00,0.00
0.00,0.00
0.00,0.00
0.00,0.00
0.00,0.00
0.00,0.00
0.00,0.00
0.00,0.00
0.00,0.00
0.00,0.00
0.00,0.00
0.00,0.00
0.00,0.00
0.00,0.00
0.00,0.00
0.00,0.00
0.00,0.00
0.00,0.00
0.00,0.00
0.00,0.00
0.00,0.00
0.00,0.00
0.00,0.00
0.00,0.00
0.00,0.00
0.00,0.00
0.00,0.00
0.00,0.00
0.00,0.00
0.00,0.00
0.00,0.00
0.00,0.00
0.00,0.00
0.00,0.00
0.00,0.00
0.00,0.00
0.00,0.00
0.00,0.00
0.00,0.00
0.00,0.00
0.00,0.00
0.00,0.00
0.00,0.00
0.00,0.00
0.00,0.00
0.00,0.00
0.00,0.00
0.00,0.00
0.00,0.00
0.00,0.00
0.00,0.00
0.00,0.00
0.00,0.00
0.00,0.00
0.00,0.00
0.00,0.00
0.00,0.00
0.00,0.00
0.00,0.00
0.00,0.00
0.00,0.00
0.00,0.00
0.00,0.00
0.00,0.00
0.00,0.00
0.00,0.00
0.00,0.00
0.00,0.00
0.00,0.00
0.00,0.00
0.00,0.00
0.00,0.00
0.00,0.00
0.00,0.00
0.00,0.00
0.00,0.00
0.00,0.00
0.00,0.00
0.00,0.00
0.00,0.00
0.00,0.00
0.00,0.00
0.00,0.00
0.00,0.00
0.00,0.00
0.00,0.00
0.00,0.00
0.00,0.00
0.00,0.00
0.00,0.00
0.00,0.00
0.00,0.00
0.00,0.00
0.00,0.00
0.