19754004, 40, 39, 40
19913320, 40, 39, 40
20072656, 40, 39, 40
20231980, 40, 39, 40
20391352, 40, 39, 40
20550688, 40, 39, 40
20710020, 40, 40, 40
20869376, 40, 40, 40
21028728, 40, 39, 40
21188096, 40, 40, 40
21347460, 40, 40, 40
21506820, 40, 40, 40
21666180, 40, 39, 40
21825516, 40, 39, 40
21984852, 40, 39, 40
22144184, 40, 39, 40
22303516, 40, 39, 40
22462856, 40, 40, 40
22622216, 40, 39, 40
22781552, 40, 39, 40
22940892, 40, 40, 40
23100244, 40, 39, 40
23259580, 40, 40, 40
23418944, 40, 39, 40
23578308, 40, 40, 40
23737668, 40, 40, 40
23897028, 40, 39, 40
24056392, 40, 40, 40
24215748, 40, 39, 40
24375052, 40, 39, 40
24534392, 40, 40, 40
24693728, 40, 39, 40
24853084, 40, 40, 40
25012436, 40, 40, 40
25171760, 40, 39, 40
25331120, 40, 39, 41
25490452, 40, 39, 41
25649784, 40, 39, 40
25809116, 40, 39, 40
25968448, 40, 39, 40
26127772, 40, 39, 40
26287112, 40, 39, 40
26446424, 40, 39, 41
26605748, 41, 39, 40
26765132, 40, 39, 40
26924460, 40, 40, 40
27083824, 40, 40, 39
27243112, 40, 39, 38
27402336, 40, 40, 38
27561584, 40, 39, 37
27720744, 40, 39, 37
27879880, 40, 39, 37
28039008, 40, 39, 37
28198144, 40, 39, 37
28357280, 40, 39, 38
28516440, 40, 39, 38
28675596, 40, 39, 38
28834756, 40, 39, 37
28993892, 40, 39, 37
29153036, 40, 39, 37
29312172, 40, 39, 38
29471336, 40, 39, 38
29630496, 40, 39, 38
29789664, 40, 39, 38
29948820, 40, 39, 37
30107952, 40, 39, 38
30267112, 40, 39, 38
30426276, 41, 39, 38
30585472, 41, 39, 38
30744656, 41, 39, 38
30903844, 41, 39, 38
31063028, 41, 39, 38
31222216, 41, 39, 38
31381400, 41, 39, 38
31540584, 41, 39, 38
31699776, 41, 39, 38
31858972, 41, 39, 38
32018164, 40, 39, 38
32177324, 41, 39, 38
32336512, 40, 39, 38
32495676, 40, 39, 38
32654840, 40, 39, 38
32813992, 40, 39, 38
32973152, 40, 39, 38
33132308, 40, 39, 38
33291468, 40, 39, 38
33450628, 40, 39, 38
33609788, 40, 39, 38
33768948, 40, 39, 38
33928100, 40, 39, 38
34087264, 40, 39, 38
34246420, 40, 39, 38
34405588, 40, 39, 38
34564748, 40, 39, 38
34723912, 40, 39, 38
34883076, 40, 39, 38
35042232, 40, 39, 37
35201368, 40, 40, 37
35360556, 40, 39, 37
35519692, 40, 38, 35
35678680, 40, 38, 35
35837648, 41, 38, 35
35996580, 41, 37, 35
36155548, 41, 38, 35
36314508, 41, 38, 35
36473468, 41, 38, 34
36632404, 41, 38, 35
36791348, 40, 37, 34
36950236, 41, 38, 35
37109172, 40, 38, 35
37268092, 40, 38, 34
37426980, 40, 38, 34
37585868, 40, 37, 34
37744768, 40, 38, 34
37903660, 40, 38, 34
38062552, 40, 38, 34
38221444, 40, 38, 34
38380324, 40, 38, 34
38539208, 40, 37, 34
38698100, 40, 38, 34
38856996, 40, 38, 34
39015892, 40, 38, 34
39174784, 41, 38, 34
39333700, 41, 38, 34
39492604, 41, 37, 34
39651532, 41, 38, 34
39810444, 41, 38, 34
39969356, 41, 38, 34
40128272, 41, 38, 34
40287204, 41, 37, 34
40446120, 41, 38, 34
40605064, 41, 38, 34
40764004, 41, 38, 34
40922944, 41, 38, 34
41081848, 41, 37, 34
41240780, 41, 38, 34
41399692, 41, 38, 34
41558608, 41, 38, 34
41717520, 41, 38, 34
41876432, 41, 37, 34
42035344, 41, 38, 34
42194252, 41, 38, 34
42353172, 41, 38, 34
42512092, 41, 38, 34
42671024, 41, 38, 34
42829968, 41, 38, 34
42988880, 41, 38, 34
43147792, 41, 38, 34
43306704, 41, 38, 34
43465624, 42, 37, 35
43624608, 40, 36, 42
43783892, 40, 35, 41
43943016, 41, 35, 42
44102236, 42, 35, 41
44261532, 50, 36, 41
44421288, 62, 35, 42
44581780, 0, 35, 42
44742372, 42, 36, 42
44901708, 42, 35, 41
45061000, 61, 35, 42
45221396, 0, 36, 42
45382024, 0, 35, 42
45542628, 0, 35, 42
45703228, 0, 36, 42
45863880, 0, 36, 42
46024536, 0, 35, 42
46185168, 0, 36, 42
46345824, 0, 35, 42
46506432, 0, 35, 42
46667032, 0, 36, 42
46827656, 0, 36, 41
46988284, 0, 36, 41
47148920, 0, 35, 42
47309528, 0, 35, 42
47470108, 0, 35, 42
47630716, 0, 36, 42
47791344, 0, 36, 41
47951972, 0, 36, 41
48112604, 0, 36, 42
48273260, 0, 36, 42
48433904, 0, 35, 42
48594508, 0, 35, 42
48755112, 0, 36, 42
48915740, 0, 35, 41
49076316, 0, 35, 42
49236928, 0, 35, 42
49397536, 0, 35, 42
49558148, 0, 36, 42
49718776, 0, 36, 42
49879404, 60, 36, 41
50039776, 61, 36, 42
50200204, 0, 35, 42
50360780, 0, 35, 42
50521360, 54, 36, 42
50681344, 62, 36, 42
50841828, 60, 36, 41
51002152, 60, 36, 42
51162488, 50, 36, 42
51322280, 0, 36, 42
51482908, 0, 36, 42
51643540, 64, 36, 41
51804108, 0, 36, 41
51964740, 0, 35, 42
52125332, 63, 35, 41
52285844, 40, 37, 34
52444708, 40, 39, 37
52603812, 40, 39, 39
52763064, 41, 40, 40
52922444, 40, 40, 40
53081824, 40, 40, 40
53241180, 40, 40, 40
53400524, 40, 40, 40
53559880, 40, 40, 40
53719236, 40, 40, 41
53878584, 40, 40, 41
54037944, 40, 40, 40
54197300, 40, 39, 40
54356628, 40, 40, 40
54515960, 40, 40, 40
54675276, 40, 39, 40
54834608, 40, 40, 40
54993940, 40, 39, 40
55153276, 40, 40, 40
55312600, 40, 40, 40
55471944, 40, 40, 40
55631300, 40, 40, 40
55790656, 40, 40, 40
55950008, 40, 40, 40
56109364, 40, 40, 40
56268720, 40, 39, 40
56428052, 40, 40, 40
56587408, 40, 40, 40
56746736, 40, 40, 40
56906076, 40, 40, 40
57065400, 40, 39, 40
57224736, 40, 40, 40
57384072, 40, 40, 40
57543428, 40, 40, 40
57702796, 40, 40, 40
57862160, 40, 39, 40
58021512, 40, 40, 40
58180868, 40, 40, 40
58340212, 40, 39, 40
58499572, 40, 40, 40
58658928, 40, 40, 40
58818284, 40, 40, 40
58977636, 40, 39, 40
59136972, 40, 39, 40
59296328, 40, 40, 40
59455684, 40, 40, 40
59615032, 40, 39, 40
59774368, 40, 39, 40
59933704, 40, 39, 40
60093068, 40, 40, 40
60252424, 40, 40, 40
60411776, 40, 39, 40
60571136, 40, 40, 40
60730504, 40, 40, 40
60889860, 40, 40, 40
61049248, 40, 40, 40
61208584, 40, 39, 41
61367972, 40, 40, 41
61527396, 39, 39, 42
61686744, 39, 39, 41
61846084, 39, 40, 42
62005428, 39, 40, 41
62164764, 38, 40, 42
62324080, 39, 40, 41
62483396, 38, 39, 42
62642712, 39, 40, 41
62802056, 39, 39, 42
62961396, 39, 40, 42
63120716, 38, 40, 41
63280028, 39, 39, 42
63439348, 38, 40, 41
63598672, 38, 39, 42
63757988, 39, 40, 42
63917324, 39, 40, 41
64076656, 39, 40, 41
64236004, 39, 40, 41
64395352, 39, 39, 42
64554692, 39, 40, 42
64714032, 39, 40, 41
64873372, 39, 39, 42
65032712, 39, 40, 41
65192052, 39, 39, 42
65351396, 39, 40, 42
65510740, 39, 40, 41
65670080, 39, 39, 42
65829424, 39, 40, 41
65988768, 39, 40, 41
66148112, 39, 40, 42
66307456, 38, 40, 41
66466772, 39, 39, 42
66626116, 39, 40, 42
66785460, 39, 40, 41
66944796, 39, 40, 42
67104136, 39, 40, 41
67263420, 38, 39, 42
67422740, 38, 40, 41
67582056, 39, 39, 42
67741400, 38, 40, 42
67900716, 39, 40, 41
68060044, 39, 39, 42
68219388, 39, 40, 41
68378728, 39, 39, 42
68538072, 39, 40, 42
68697412, 39, 40, 41
68856748, 39, 39, 42
69016088, 39, 40, 41
69175428, 39, 39, 42
69334768, 39, 40, 42
69494116, 38, 41, 41
69653472, 38, 39, 42
69812740, 37, 39, 41
69971936, 37, 39, 42
70131108, 36, 39, 41
70290232, 36, 39, 41
70449324, 36, 39, 41
70608412, 36, 39, 41
70767496, 36, 39, 41
70926588, 36, 39, 41
71085684, 36, 39, 41
71244780, 36, 39, 41
71403876, 36, 39, 41
71562972, 36, 39, 41
71722088, 36, 39, 41
71881204, 36, 39, 41
72040320, 36, 39, 41
72199408, 36, 39, 41
72358500, 36, 39, 41
72517580, 36, 39, 41
72676672, 36, 39, 41
72835764, 36, 39, 41
72994852, 36, 39, 41
73153944, 36, 39, 41
73313036, 36, 39, 41
73472156, 36, 39, 42
73631276, 36, 39, 41
73790396, 36, 39, 41
73949516, 36, 39, 41
74108632, 36, 39, 41
74267748, 36, 39, 41
74426840, 36, 39, 41
74585924, 36, 39, 41
74745020, 36, 39, 41
74904112, 36, 39, 41
75063200, 36, 39, 41
75222296, 36, 39, 41
75381396, 36, 39, 41
75540496, 36, 39, 41
75699592, 36, 39, 41
75858704, 36, 39, 41
76017800, 36, 39, 42
76176916, 36, 39, 41
76336020, 36, 39, 42
76495164, 36, 39, 42
76654312, 36, 39, 41
76813416, 35, 38, 42
76972436, 34, 38, 41
77131388, 34, 37, 41
77290248, 34, 37, 41
77449168, 40, 37, 42
77608404, 35, 37, 41
77767328, 35, 37, 41
77926292, 35, 37, 47
78085584, 35, 37, 42
78244576, 34, 37, 60
78404576, 34, 37, 41
78563456, 34, 37, 41
78722320, 34, 37, 41
78881220, 34, 37, 41
79040112, 34, 37, 41
79198992, 34, 37, 41
79357852, 34, 37, 41
79516724, 34, 37, 41
79675588, 34, 37, 41
79834480, 34, 37, 41
79993376, 34, 37, 41
80152272, 34, 36, 41
80311136, 35, 37, 41
80470060, 35, 36, 41
80628952, 34, 37, 41
80787820, 34, 37, 41
80946664, 34, 36, 41
81105512, 34, 36, 41
81264364, 35, 36, 41
81423272, 34, 36, 41
81582124, 34, 36, 41
81740968, 34, 36, 41
81899820, 34, 36, 41
82058676, 34, 36, 41
82217520, 35, 36, 41
82376440, 35, 36, 41
82535356, 35, 36, 41
82694276, 34, 36, 41
82853124, 34, 36, 41
83011968, 34, 36, 41
83170844, 35, 36, 41
83329768, 34, 36, 41
83488612, 34, 37, 41
83647468, 35, 36, 41
83806364, 34, 37, 41
83965240, 34, 36, 41
84124092, 34, 36, 41
84282936, 34, 37, 41
84441808, 34, 36, 41
84600640, 34, 36, 41
84759476, 34, 36, 41
84918344, 34, 36, 41
85077216, 34, 36, 41
85236064, 34, 36, 41
85394912, 34, 36, 41
85553756, 34, 36, 41
85712608, 34, 36, 41
85871452, 34, 37, 41
86030312, 34, 37, 41
86189200, 34, 37, 41
86348060, 34, 37, 41
86506960, 34, 36, 41
86665812, 34, 36, 41
86824684, 34, 37, 41
86983544, 34, 37, 41
87142416, 34, 36, 41
87301260, 34, 36, 41
87460108, 34, 36, 41
