116889108, 34, 37, 41
117048064, 34, 37, 41
117206992, 34, 37, 41
117365924, 34, 37, 41
117524844, 34, 36, 41
117683772, 34, 37, 42
117842732, 34, 37, 41
118001632, 35, 37, 41
118160584, 35, 37, 41
118319544, 35, 37, 41
118478500, 35, 37, 41
118637468, 35, 37, 41
118796448, 34, 37, 41
118955384, 33, 37, 41
119114296, 35, 37, 42
119273272, 35, 37, 41
119432248, 35, 37, 41
119591228, 35, 37, 41
119750204, 35, 37, 42
119909208, 34, 37, 41
120068160, 34, 37, 42
120227116, 34, 37, 41
120386056, 34, 37, 42
120544992, 34, 37, 42
120703948, 34, 37, 41
120862880, 34, 37, 41
121021812, 34, 36, 42
121180768, 34, 37, 42
121339720, 34, 37, 41
121498680, 34, 37, 42
121657660, 34, 37, 41
121816620, 34, 37, 42
121975604, 34, 37, 42
122134580, 34, 37, 41
122293516, 34, 37, 42
122452472, 34, 37, 42
122611432, 34, 37, 42
122770388, 35, 37, 42
122929368, 34, 37, 42
123088328, 35, 37, 41
123247284, 35, 37, 41
123406236, 35, 37, 41
123565188, 34, 37, 42
123724120, 34, 36, 42
123883056, 34, 37, 41
124041988, 34, 37, 42
124200944, 34, 37, 41
124359880, 34, 37, 42
124518840, 34, 36, 42
124677788, 35, 37, 41
124836740, 34, 37, 45
124995924, 34, 37, 42
125154880, 34, 38, 41
125313884, 34, 38, 41
125472892, 34, 38, 41
125631908, 34, 38, 41
125790916, 34, 38, 42
125949996, 34, 39, 43
126109188, 35, 39, 43
126268408, 35, 39, 43
126427608, 35, 38, 43
126586788, 35, 39, 43
126746036, 35, 39, 43
126905232, 35, 39, 43
127064432, 35, 38, 43
127223636, 35, 39, 43
127382840, 35, 38, 43
127542040, 35, 39, 43
127701248, 35, 38, 43
127860456, 35, 39, 43
128019656, 35, 38, 43
128178860, 35, 39, 43
128338068, 35, 39, 43
128497276, 35, 39, 43
128656476, 35, 39, 43
128815676, 35, 39, 43
128974880, 35, 39, 43
129134080, 35, 39, 43
129293276, 35, 39, 43
129452476, 35, 39, 43
129611676, 35, 39, 43
129770876, 35, 38, 43
129930072, 35, 39, 43
130089276, 35, 38, 43
130248480, 35, 39, 43
130407688, 35, 38, 43
130566888, 35, 39, 43
130726088, 35, 38, 43
130885292, 35, 39, 43
131044500, 35, 39, 43
131203712, 35, 39, 43
131362936, 35, 39, 43
131522148, 35, 39, 43
131681352, 35, 39, 43
131840580, 35, 39, 43
131999784, 35, 39, 43
132158996, 35, 39, 43
132318200, 35, 38, 43
132477384, 35, 38, 43
132636556, 35, 38, 42
132795648, 35, 39, 42
132954788, 36, 41, 41
133114068, 38, 41, 41
133273444, 37, 40, 42
133432764, 38, 39, 41
133592044, 38, 39, 42
133751328, 38, 39, 41
133910616, 38, 39, 42
134069896, 38, 39, 41
134229188, 38, 39, 42
134388508, 38, 39, 42
134547808, 38, 39, 41
134707092, 38, 39, 42
134866400, 38, 39, 41
135025692, 38, 39, 42
135184988, 38, 39, 41
135344280, 38, 39, 42
135503576, 38, 39, 42
135662872, 38, 39, 41
135822188, 38, 39, 42
135981500, 38, 40, 41
136140824, 38, 39, 42
136300168, 38, 39, 41
136459484, 38, 39, 42
136618776, 38, 39, 42
136778072, 38, 39, 41
136937364, 38, 39, 42
137096680, 38, 39, 41
137256008, 38, 39, 42
137415296, 38, 39, 41
137574612, 38, 39, 42
137733908, 38, 39, 42
137893196, 38, 39, 41
138052504, 38, 39, 42
138211828, 38, 39, 41
138371156, 38, 39, 42
138530472, 38, 39, 42
138689784, 38, 39, 41
138849096, 38, 39, 42
139008420, 38, 39, 41
139167736, 38, 39, 42
139327064, 38, 39, 41
139486360, 38, 39, 41
139645648, 38, 39, 41
139804940, 38, 39, 41
139964224, 38, 39, 41
140123516, 38, 39, 41
140282804, 38, 39, 41
140442100, 38, 39, 41
140601396, 38, 39, 41
140760688, 38, 39, 41
140919976, 38, 39, 41
141079276, 38, 40, 41
141238588, 40, 39, 43
141398064, 40, 39, 41
141557476, 40, 40, 42
141716972, 40, 40, 41
141876372, 40, 40, 41
142035776, 40, 40, 41
142195184, 40, 40, 41
142354592, 40, 40, 41
142514000, 40, 39, 41
142673412, 40, 40, 41
142832816, 40, 40, 41
142992224, 40, 39, 41
143151636, 40, 40, 41
143311036, 40, 40, 41
143470436, 40, 39, 41
143629844, 40, 40, 41
143789244, 40, 40, 41
143948640, 40, 39, 41
144108044, 40, 40, 40
144267424, 40, 40, 40
144426812, 40, 40, 40
144586188, 40, 40, 40
144745572, 40, 39, 40
144904952, 40, 40, 40
145064332, 40, 40, 40
145223720, 40, 39, 40
145383096, 40, 40, 40
145542480, 40, 40, 40
145701852, 40, 39, 40
145861232, 40, 40, 40
146020616, 40, 40, 40
146179988, 40, 39, 40
146339368, 40, 40, 40
146498748, 40, 39, 40
146658108, 40, 40, 40
146817500, 40, 40, 40
146976880, 40, 40, 40
147136256, 40, 40, 40
147295636, 40, 40, 40
147455020, 40, 39, 40
147614404, 40, 40, 40
147773776, 40, 40, 40
147933148, 40, 39, 40
148092536, 40, 40, 40
148251920, 40, 40, 40
148411292, 40, 39, 40
148570672, 40, 40, 40
148730048, 40, 39, 40
148889400, 40, 39, 40
149048760, 40, 39, 40
149208116, 40, 39, 40
149367472, 40, 39, 41
149526892, 40, 39, 40
149686288, 42, 40, 39
149845720, 40, 39, 38
150004980, 40, 40, 37
150164236, 40, 40, 37
150323480, 40, 40, 38
150482744, 40, 39, 37
150641964, 41, 39, 37
150801204, 41, 39, 38
150960460, 41, 39, 38
151119724, 41, 39, 37
151278964, 40, 39, 37
151438180, 41, 39, 38
151597444, 41, 39, 38
151756704, 41, 39, 38
151915976, 41, 39, 38
152075236, 41, 39, 38
152234496, 41, 39, 38
152393756, 41, 39, 37
152552996, 41, 39, 38
152712256, 41, 39, 38
152871512, 41, 39, 38
153030780, 41, 39, 38
153190040, 41, 39, 37
153349288, 41, 39, 37
153508532, 41, 39, 37
153667772, 41, 39, 37
153827004, 41, 39, 37
153986252, 41, 39, 37
154145488, 40, 39, 37
154304700, 40, 39, 37
154463916, 41, 39, 38
154623172, 40, 39, 38
154782412, 40, 39, 38
154941644, 40, 39, 38
155100876, 40, 39, 38
155260120, 40, 39, 38
155419364, 40, 39, 38
155578600, 40, 39, 38
155737836, 40, 39, 38
155897076, 40, 39, 38
156056320, 40, 39, 38
156215556, 40, 39, 38
156374792, 40, 39, 37
156534008, 40, 39, 37
156693224, 40, 39, 37
156852440, 40, 39, 37
157011652, 40, 39, 37
157170864, 40, 39, 37
157330088, 40, 39, 37
157489296, 40, 39, 37
157648516, 40, 39, 37
157807728, 40, 39, 37
157966944, 40, 39, 37
158126152, 40, 39, 37
158285368, 41, 39, 37
158444600, 41, 39, 37
158603812, 40, 40, 37
158763036, 41, 39, 36
158922144, 41, 38, 35
159081196, 41, 38, 35
159240204, 40, 38, 35
159399232, 41, 38, 35
159558260, 41, 38, 35
159717252, 41, 38, 35
159876260, 41, 38, 35
160035320, 41, 38, 35
160194364, 41, 38, 35
160353392, 41, 38, 35
160512416, 41, 38, 35
160671440, 41, 38, 35
160830472, 41, 38, 35
160989496, 41, 38, 35
161148524, 41, 38, 35
161307568, 41, 38, 35
161466592, 41, 38, 35
161625616, 41, 38, 35
161784636, 41, 38, 35
161943660, 41, 38, 35
162102688, 41, 38, 35
162261716, 41, 38, 35
162420744, 41, 38, 35
162579776, 41, 38, 35
162738796, 40, 38, 35
162897788, 41, 38, 35
163056816, 41, 38, 35
163215840, 41, 38, 35
163374884, 41, 38, 35
163533908, 41, 38, 35
163692960, 41, 38, 35
163851992, 41, 38, 35
164011020, 41, 38, 35
164170048, 41, 38, 35
164329068, 41, 38, 35
164488088, 41, 38, 35
164647112, 41, 38, 35
164806136, 41, 38, 35
164965160, 41, 38, 35
165124188, 41, 38, 35
165283208, 41, 38, 35
165442232, 41, 38, 35
165601252, 41, 38, 35
165760280, 40, 37, 41
165919600, 40, 36, 42
166078920, 40, 35, 42
166238160, 41, 35, 42
166397464, 41, 35, 41
166556724, 41, 35, 41
166715960, 41, 35, 41
166875228, 41, 36, 42
167034532, 41, 36, 41
167193804, 40, 35, 42
167353052, 41, 36, 41
167512324, 41, 35, 41
167671568, 41, 36, 41
167830836, 41, 36, 41
167990100, 41, 36, 41
168149372, 40, 36, 41
168308640, 40, 35, 41
168467864, 40, 35, 41
168627076, 40, 35, 41
168786296, 40, 35, 41
168945516, 40, 36, 41
169104760, 40, 36, 41
169264036, 40, 35, 41
169423260, 40, 35, 41
169582476, 40, 36, 41
169741720, 40, 36, 41
169900980, 40, 36, 41
170060232, 40, 36, 41
170219476, 40, 36, 42
170378752, 40, 36, 41
170538012, 40, 36, 41
170697248, 41, 35, 41
170856516, 40, 35, 41
171015664, 39, 35, 42
171174888, 40, 35, 42
171334136, 40, 36, 43
171493436, 40, 35, 43
171652688, 40, 35, 42
171811908, 40, 35, 42
171971140, 40, 35, 42
172130388, 40, 35, 42
172289660, 40, 36, 43
172448980, 40, 35, 43
172608248, 40, 35, 43
172767520, 40, 35, 43
172926788, 40, 35, 42
173086040, 40, 35, 42
173245280, 40, 35, 42
173404528, 40, 35, 42
173563768, 40, 35, 42
173722972, 40, 35, 42
173882188, 40, 35, 42
174041416, 40, 35, 42
174200660, 40, 35, 42
174359908, 40, 35, 42
174519128, 40, 35, 42
174678392, 40, 35, 42
174837592, 40, 35, 42
174996824, 40, 35, 42
175156028, 40, 35, 42
175315280, 40, 35, 42
175474520, 40, 35, 42
175633756, 40, 35, 42
