15249696, 35, 36, 41
15408584, 35, 36, 41
15567464, 34, 36, 41
15726296, 34, 36, 41
15885128, 35, 36, 41
16043976, 35, 36, 41
16202832, 35, 37, 41
16361712, 35, 37, 41
16520596, 35, 36, 41
16679452, 35, 37, 41
16838336, 35, 36, 41
16997244, 34, 36, 41
17156080, 35, 36, 41
17314960, 34, 36, 42
17473848, 34, 36, 41
17632692, 34, 36, 41
17791528, 34, 37, 41
17950384, 34, 36, 41
18109212, 34, 37, 41
18268060, 34, 37, 41
18426924, 34, 36, 41
18585760, 34, 36, 41
18744604, 35, 37, 41
18903492, 34, 36, 41
19062336, 34, 36, 41
19221172, 35, 36, 41
19380032, 35, 36, 41
19538888, 34, 36, 41
19697724, 34, 36, 41
19856552, 35, 36, 41
20015420, 34, 36, 41
20174260, 35, 36, 41
20333124, 35, 36, 41
20491980, 35, 36, 41
20650836, 35, 36, 41
20809692, 35, 36, 41
20968552, 35, 37, 41
21127468, 35, 37, 41
21286348, 35, 36, 41
21445216, 34, 37, 41
21604076, 35, 37, 41
21762956, 34, 36, 41
21921784, 34, 37, 41
22080672, 33, 38, 42
22239568, 34, 37, 41
22398484, 34, 38, 42
22557448, 34, 38, 41
22716368, 34, 38, 42
22875396, 35, 38, 42
23034500, 35, 39, 41
23193572, 35, 39, 42
23352696, 35, 40, 41
23511832, 35, 40, 41
23670952, 35, 39, 42
23830080, 35, 39, 41
23989200, 35, 40, 42
24148344, 35, 40, 41
24307480, 35, 39, 41
24466604, 35, 40, 42
24625752, 35, 40, 41
24784884, 35, 39, 42
24944004, 35, 40, 41
25103136, 35, 39, 41
25262252, 35, 40, 42
25421404, 35, 40, 41
25580516, 35, 39, 42
25739636, 35, 39, 41
25898736, 35, 39, 41
26057832, 35, 40, 41
26216952, 35, 40, 41
26376068, 35, 39, 41
26535148, 35, 39, 41
26694244, 35, 39, 41
26853312, 35, 39, 41
27012412, 35, 39, 41
27171512, 36, 39, 41
27330636, 36, 39, 41
27489760, 35, 40, 41
27648868, 35, 40, 41
27807984, 35, 40, 42
27967128, 35, 40, 41
28126268, 35, 40, 41
28285396, 35, 39, 41
28444508, 35, 39, 42
28603620, 35, 39, 42
28762740, 35, 39, 41
28921864, 35, 40, 42
29081008, 35, 39, 41
29240120, 35, 40, 42
29399260, 35, 40, 41
29558384, 35, 39, 41
29717476, 35, 40, 41
29876592, 35, 39, 42
30035696, 35, 39, 41
30194824, 36, 39, 42
30353964, 36, 40, 41
30513148, 37, 39, 42
30672380, 37, 40, 41
30831636, 37, 39, 42
30990876, 38, 39, 41
31150140, 38, 39, 41
31309408, 38, 39, 41
31468644, 38, 39, 41
31627880, 38, 39, 41
31787116, 38, 39, 41
31946348, 38, 39, 41
32105592, 38, 39, 41
32264828, 38, 39, 41
32424064, 38, 39, 41
32583300, 38, 39, 41
32742536, 38, 39, 41
32901772, 38, 39, 41
33061000, 38, 39, 41
33220236, 38, 39, 41
33379468, 38, 39, 41
33538700, 38, 39, 41
33697928, 38, 39, 41
33857160, 38, 39, 41
34016388, 38, 39, 41
34175620, 38, 39, 41
34334856, 38, 39, 41
34494084, 38, 39, 41
34653320, 38, 39, 41
34812556, 38, 39, 41
34971788, 38, 39, 41
35131028, 38, 39, 41
35290268, 38, 39, 41
35449504, 38, 39, 41
35608740, 38, 39, 41
35767976, 38, 39, 41
35927212, 38, 39, 41
36086448, 38, 39, 41
36245680, 38, 39, 41
36404920, 38, 39, 41
36564156, 38, 39, 41
36723392, 38, 39, 41
36882632, 38, 39, 41
37041864, 38, 39, 42
37201124, 38, 39, 42
37360380, 38, 39, 42
37519636, 38, 39, 41
37678896, 38, 39, 42
37838152, 38, 39, 41
37997412, 38, 39, 42
38156668, 38, 39, 41
38315924, 38, 39, 41
38475160, 38, 40, 43
38634540, 39, 41, 42
38794000, 40, 40, 41
38953380, 40, 40, 42
39112788, 40, 39, 40
39272124, 40, 40, 40
39431460, 40, 40, 40
39590796, 40, 39, 40
39750132, 40, 40, 40
39909464, 40, 39, 41
40068832, 40, 40, 41
40228208, 40, 40, 40
40387556, 40, 39, 40
40546896, 40, 40, 40
40706228, 40, 40, 40
40865560, 40, 40, 40
41024896, 40, 40, 40
41184224, 40, 39, 40
41343556, 40, 40, 40
41502888, 40, 40, 40
41662248, 40, 40, 40
41821580, 40, 40, 40
41980916, 40, 39, 40
42140252, 40, 40, 40
42299580, 40, 40, 40
42458904, 40, 40, 40
42618240, 40, 40, 40
42777568, 40, 39, 40
42936900, 40, 40, 40
43096256, 40, 40, 40
43255604, 40, 40, 40
43414940, 40, 40, 40
43574280, 40, 39, 40
43733612, 40, 40, 40
43892968, 40, 40, 40
44052320, 40, 40, 40
44211676, 40, 40, 40
44371032, 40, 39, 40
44530368, 40, 40, 40
44689696, 40, 40, 40
44849024, 40, 39, 40
45008356, 40, 40, 40
45167688, 40, 39, 40
45327024, 40, 40, 40
45486356, 40, 40, 40
45645688, 40, 39, 40
45805020, 40, 40, 40
45964360, 40, 39, 40
46123688, 40, 40, 41
46283084, 40, 40, 39
46442416, 41, 41, 38
46601768, 40, 40, 38
46760976, 40, 39, 38
46920160, 40, 39, 37
47079308, 40, 39, 38
47238484, 40, 39, 38
47397656, 40, 39, 38
47556844, 40, 39, 38
47716016, 40, 39, 38
47875212, 40, 39, 38
48034392, 40, 39, 38
48193584, 40, 39, 38
48352800, 40, 39, 38
48511972, 40, 39, 38
48671176, 40, 39, 37
48830348, 40, 39, 38
48989548, 40, 39, 38
49148748, 40, 39, 38
49307944, 40, 39, 38
49467136, 40, 39, 38
49626332, 40, 39, 38
49785528, 40, 39, 38
49944704, 40, 39, 38
50103884, 40, 39, 38
50263076, 40, 39, 38
50422272, 40, 39, 38
50581464, 40, 39, 38
50740688, 40, 40, 38
50899908, 40, 40, 38
51059132, 40, 40, 38
51218340, 40, 40, 38
51377568, 40, 40, 38
51536780, 40, 40, 38
51696024, 40, 39, 38
51855236, 40, 40, 38
52014456, 40, 39, 38
52173624, 40, 39, 38
52332820, 40, 39, 38
52492016, 40, 39, 38
52651188, 40, 39, 38
52810408, 40, 39, 38
52969576, 40, 39, 38
53128772, 40, 39, 38
53287972, 40, 39, 38
53447168, 40, 39, 38
53606360, 40, 39, 38
53765564, 40, 39, 37
53924720, 40, 39, 37
54083848, 40, 39, 35
54242860, 40, 38, 35
54401792, 40, 38, 34
54560716, 40, 38, 34
54719620, 40, 39, 34
54878552, 40, 39, 34
55037480, 40, 39, 34
55196416, 40, 38, 35
55355328, 40, 38, 35
55514236, 40, 38, 35
55673152, 40, 38, 35
55832088, 40, 38, 34
55990976, 40, 38, 35
56149904, 40, 38, 35
56308816, 40, 38, 35
56467732, 40, 38, 35
56626644, 40, 38, 35
56785556, 40, 38, 35
56944464, 40, 38, 35
57103372, 40, 38, 35
57262280, 40, 38, 35
57421188, 40, 38, 35
57580104, 40, 38, 35
57739016, 40, 38, 35
57897940, 40, 38, 35
58056876, 40, 38, 35
58215812, 40, 38, 35
58374756, 40, 38, 35
58533660, 40, 38, 35
58692588, 40, 38, 35
58851496, 40, 38, 35
59010412, 40, 38, 35
59169372, 40, 38, 35
59328280, 40, 38, 35
59487188, 40, 38, 35
59646100, 40, 38, 35
59805008, 40, 38, 35
59963924, 40, 38, 35
60122836, 40, 38, 35
60281744, 40, 38, 35
60440656, 40, 38, 35
60599564, 40, 38, 35
60758480, 40, 38, 35
60917388, 40, 38, 35
61076296, 40, 38, 35
61235232, 40, 38, 34
61394112, 40, 37, 35
61553012, 40, 37, 35
61711928, 43, 36, 40
61871212, 40, 36, 41
62030328, 41, 36, 42
62189616, 43, 35, 43
62349008, 42, 35, 43
62508356, 42, 35, 43
62667716, 42, 35, 43
62827068, 42, 36, 43
62986460, 42, 35, 42
63145796, 43, 35, 43
63305188, 43, 35, 43
63464556, 43, 35, 43
63623948, 43, 35, 43
63783336, 43, 36, 42
63942708, 40, 35, 41
64101848, 40, 35, 41
64260980, 40, 35, 41
64420096, 40, 35, 41
64579236, 40, 35, 41
64738364, 40, 35, 41
64897496, 40, 35, 41
65056652, 40, 35, 41
65215760, 40, 35, 42
65374916, 40, 35, 41
65534048, 40, 35, 41
65693168, 39, 35, 41
65852280, 40, 35, 42
66011436, 40, 35, 41
66170540, 40, 35, 41
66329696, 40, 35, 42
66488832, 40, 35, 41
66647964, 40, 35, 42
66807116, 40, 35, 42
66966260, 40, 35, 41
67125368, 40, 35, 41
67284480, 39, 35, 41
67443584, 40, 35, 41
67602664, 40, 35, 41
67761768, 39, 35, 41
67920880, 40, 35, 41
68079988, 40, 35, 42
68239120, 40, 35, 42
68398276, 40, 35, 42
68557440, 40, 35, 41
68716604, 40, 35, 42
68875764, 40, 35, 41
69034864, 40, 35, 42
69194020, 40, 35, 42
69353180, 40, 35, 41
69512324, 40, 35, 42
69671484, 40, 35, 41
69830636, 40, 35, 41
69989772, 40, 35, 41
70148908, 40, 35, 41
70308040, 40, 35, 41
70467180, 40, 35, 41
70626312, 40, 35, 41
70785452, 40, 35, 41
70944560, 40, 35, 41
71103668, 40, 35, 41
71262780, 39, 35, 41
71421892, 40, 35, 41
71581008, 40, 35, 41
71740124, 39, 35, 41
71899236, 40, 35, 41
72058344, 40, 35, 41
72217428, 40, 35, 41
72376520, 40, 35, 41
72535644, 40, 35, 41
72694724, 40, 35, 41
72853812, 40, 35, 41
73012896, 40, 35, 41
73172008, 40, 35, 41
73331124, 40, 35, 41
73490240, 40, 35, 41
73649348, 40, 35, 41
73808468, 39, 35, 41
73967572, 40, 35, 41
74126680, 40, 35, 41
74285792, 40, 35, 41
74444908, 40, 35, 41
74604016, 39, 35, 41
74763128, 40, 35, 41
74922244, 40, 35, 42
75081380, 39, 35, 41
75240492, 40, 35, 41
75399608, 40, 35, 41
75558724, 40, 35, 41
75717836, 40, 35, 41
75876960, 39, 35, 41
76036064, 40, 35, 41
7619517