15814548, 43, 42, 43
15974380, 42, 42, 43
16134176, 43, 42, 43
16294020, 43, 42, 44
16453884, 42, 42, 44
16613728, 42, 42, 44
16773564, 42, 42, 44
16933376, 42, 42, 44
17093196, 42, 42, 44
17253036, 42, 42, 44
17412892, 42, 42, 44
17572696, 42, 42, 44
17732528, 43, 42, 43
17892340, 43, 42, 44
18052172, 42, 41, 43
18211936, 43, 42, 44
18371768, 43, 42, 44
18531596, 42, 42, 44
18691408, 42, 41, 43
18851172, 42, 41, 43
19010936, 42, 41, 44
19170720, 42, 41, 43
19330484, 42, 42, 43
19490276, 43, 42, 43
19650116, 42, 42, 44
19809956, 42, 42, 44
19969780, 43, 42, 43
20129580, 42, 42, 43
20289392, 42, 42, 43
20449180, 42, 42, 43
20608964, 42, 41, 44
20768732, 42, 42, 43
20928504, 42, 42, 43
21088272, 42, 42, 43
21248028, 42, 41, 44
21407740, 42, 41, 44
21567460, 42, 40, 43
21727128, 41, 40, 43
21886732, 41, 40, 41
22046140, 39, 38, 40
22205336, 39, 37, 39
22364392, 38, 37, 39
22523384, 38, 37, 38
22682356, 38, 37, 38
22841320, 38, 36, 38
23000184, 38, 36, 39
23159104, 38, 37, 38
23318064, 39, 37, 38
23477072, 38, 37, 38
23636040, 38, 37, 38
23795020, 38, 37, 38
23954020, 39, 37, 38
24113028, 38, 37, 39
24272032, 39, 37, 39
24431060, 38, 37, 39
24590096, 38, 37, 39
24749104, 38, 37, 39
24908088, 39, 37, 39
25067112, 39, 37, 38
25226140, 38, 37, 39
25385144, 38, 37, 39
25544148, 38, 37, 39
25703152, 38, 37, 39
25862156, 38, 37, 39
26021164, 38, 37, 39
26180164, 38, 37, 38
26339164, 38, 37, 39
26498164, 38, 37, 39
26657168, 38, 37, 39
26816172, 38, 37, 38
26975164, 38, 37, 39
27134168, 38, 37, 39
27293172, 38, 37, 38
27452176, 38, 37, 39
27611180, 39, 37, 39
27770204, 39, 37, 39
27929200, 39, 37, 38
28088204, 39, 37, 39
28247204, 39, 37, 39
28406232, 39, 37, 39
28565240, 38, 36, 38
28724128, 38, 36, 38
28882944, 37, 35, 37
29041652, 37, 35, 37
29200312, 36, 34, 36
29358848, 36, 34, 37
29517444, 36, 33, 36
29675908, 33, 32, 35
29834152, 34, 33, 35
29992416, 33, 32, 35
30150584, 32, 32, 35
30308724, 32, 32, 35
30466868, 32, 32, 35
30624984, 32, 32, 35
30783096, 32, 32, 35
30941240, 32, 32, 34
31099332, 32, 32, 34
31257384, 33, 32, 34
31415516, 32, 32, 35
31573652, 33, 32, 35
31731800, 32, 32, 34
31889928, 32, 33, 34
32048060, 33, 33, 35
32206256, 33, 32, 35
32364416, 33, 32, 34
32522540, 33, 32, 34
32680696, 33, 33, 35
32838880, 32, 33, 35
32997036, 33, 33, 35
33155236, 33, 33, 35
33313436, 33, 33, 35
33471640, 33, 33, 35
33629836, 33, 33, 35
33788040, 33, 33, 35
33946240, 33, 33, 35
34104436, 33, 33, 35
34262608, 33, 33, 35
34420776, 33, 33, 35
34578952, 33, 33, 35
34737116, 33, 33, 35
34895288, 33, 33, 35
35053476, 33, 33, 35
35211676, 33, 33, 35
35369864, 33, 33, 35
35528068, 33, 33, 35
35686256, 33, 33, 35
35844428, 33, 33, 35
36002596, 33, 33, 35
36160776, 33, 33, 35
36318952, 33, 33, 35
36477132, 33, 33, 35
36635328, 33, 33, 35
36793524, 33, 33, 35
36951744, 33, 33, 35
37109936, 33, 33, 34
37268116, 33, 32, 34
37426236, 32, 32, 34
37584296, 32, 32, 34
37742336, 32, 31, 34
37900320, 31, 31, 32
38058184, 31, 30, 32
38215940, 30, 29, 30
38373476, 29, 29, 30
38530928, 29, 29, 30
38688352, 29, 28, 29
38845704, 28, 28, 29
39002992, 28, 28, 29
39160300, 28, 28, 29
39317576, 28, 28, 29
39474844, 28, 27, 29
39632132, 28, 27, 29
39789352, 28, 27, 29
39946624, 28, 27, 29
40103872, 28, 27, 29
40261124, 28, 27, 29
40418432, 29, 27, 29
40575712, 28, 27, 29
40732964, 28, 27, 29
40890204, 29, 27, 29
41047536, 29, 27, 29
41204852, 29, 28, 29
41362208, 29, 28, 29
41519564, 29, 28, 29
41676960, 29, 28, 29
41834380, 29, 29, 29
41991776, 29, 28, 29
42149172, 29, 28, 29
42306568, 29, 29, 29
42463972, 29, 28, 29
42621348, 29, 28, 29
42778728, 29, 28, 29
42936084, 29, 28, 29
43093460, 28, 28, 29
43250840, 28, 28, 29
43408196, 29, 28, 30
43565588, 28, 29, 29
43722980, 28, 29, 29
43880364, 29, 29, 30
44037784, 29, 28, 29
44195180, 29, 29, 30
44352620, 29, 28, 30
44510036, 29, 28, 30
44667456, 29, 28, 30
44824872, 29, 29, 30
44982284, 29, 29, 30
45139728, 29, 29, 30
45297140, 29, 28, 30
45454528, 29, 28, 30
45611916, 29, 28, 30
45769332, 29, 28, 30
45926740, 28, 28, 29
46084120, 29, 28, 29
46241440, 29, 27, 29
46398732, 28, 27, 29
46555984, 28, 27, 29
46713200, 29, 26, 28
46870376, 27, 25, 27
47027368, 25, 24, 25
47184064, 25, 24, 25
47340692, 24, 8, 25
47496344, 24, 23, 24
47652848, 25, 22, 25
47809388, 23, 22, 24
47965804, 24, 22, 25
48122264, 22, 22, 25
48278652, 22, 22, 25
48435052, 23, 23, 25
48591496, 23, 23, 25
48747968, 23, 23, 25
48904444, 23, 23, 25
49060892, 23, 23, 24
49217308, 23, 22, 24
49373688, 23, 23, 24
49530136, 22, 22, 24
49686488, 23, 22, 25
49842872, 22, 22, 24
49999204, 22, 22, 24
50155512, 22, 22, 24
50311856, 22, 22, 24
50468192, 22, 22, 25
50624516, 22, 22, 25
50780856, 22, 22, 24
50937168, 22, 22, 24
51093540, 23, 22, 24
51249912, 22, 22, 25
51406300, 23, 23, 25
51562752, 23, 23, 24
51719188, 23, 23, 24
51875644, 23, 23, 25
52032116, 23, 25, 25
52188696, 23, 25, 25
52345288, 23, 25, 25
52501912, 23, 25, 24
52658516, 23, 25, 25
52815136, 23, 25, 25
52971772, 23, 25, 25
53128408, 23, 25, 25
53285036, 23, 25, 25
53441648, 23, 25, 25
53598256, 23, 25, 25
53754876, 23, 25, 25
53911504, 23, 25, 25
54068108, 23, 25, 25
54224732, 23, 25, 25
54381364, 23, 25, 25
54537996, 23, 25, 25
54694624, 23, 25, 24
54851224, 23, 25, 24
55007808, 23, 25, 25
55164420, 23, 25, 25
55321020, 23, 25, 25
55477648, 23, 25, 25
55634260, 23, 25, 25
55790872, 23, 25, 25
55947476, 23, 25, 24
56104080, 23, 25, 24
56260656, 24, 25, 24
56417272, 23, 25, 24
56573860, 23, 23, 24
56730300, 23, 23, 24
56886768, 23, 22, 24
57043068, 22, 21, 24
57199296, 21, 21, 22
57355364, 20, 19, 21
57511252, 20, 19, 21
57667072, 19, 19, 21
57822844, 19, 18, 21
57978600, 19, 17, 20
58134272, 19, 17, 20
58289920, 19, 18, 20
58445552, 19, 17, 20
58601144, 19, 17, 19
58756672, 18, 17, 19
58912156, 19, 17, 20
59067716, 18, 17, 20
59223240, 18, 17, 19
59378724, 18, 17, 19
59534220, 18, 17, 19
59689668, 18, 17, 20
59845152, 18, 16, 19
60000628, 18, 17, 19
60156100, 18, 17, 19
60311608, 19, 17, 20
60467196, 19, 17, 20
60622780, 18, 18, 19
60778344, 19, 18, 20
60933940, 18, 17, 20
61089480, 18, 17, 19
61244952, 18, 17, 19
61400396, 18, 17, 19
61555868, 18, 17, 19
61711312, 18, 17, 19
61866740, 18, 16, 19
62022136, 18, 16, 19
62177552, 18, 17, 19
62333004, 18, 17, 19
62488472, 18, 17, 20
62644016, 19, 18, 19
62799580, 18, 17, 20
62955144, 19, 18, 19
63110724, 19, 18, 19
63266312, 18, 18, 20
63421912, 19, 17, 19
63577488, 19, 18, 20
63733128, 19, 18, 20
63888768, 18, 18, 20
64044356, 19, 17, 20
64199960, 19, 17, 19
64355548, 18, 17, 19
64511108, 19, 17, 19
64666692, 19, 18, 20
64822320, 18, 18, 20
64977912, 18, 18, 19
65133480, 18, 18, 20
65289068, 18, 18, 20
65444664, 18, 18, 20
65600260, 18, 17, 20
65755828, 19, 17, 20
65911428, 18, 18, 20
66067036, 18, 18, 19
66222608, 18, 18, 19
66378188, 18, 18, 20
66533788, 18, 18, 20
66689396, 18, 18, 20
66844992, 19, 18, 19
67000588, 18, 18, 19
67156168, 18, 18, 20
67311764, 18, 18, 20
67467364, 18, 18, 19
67622936, 18, 18, 19
67778500, 18, 18, 20
67934092, 19, 18, 20
68089684, 19, 18, 19
68245284, 19, 17, 19
68400848, 18, 17, 19
68556368, 19, 17, 19
68711916, 19, 17, 19
68867424, 18, 16, 18
69022808, 17, 16, 18
69178100, 17, 16, 18
69333396, 17, 15, 18
69488648, 17, 15, 18
69643896, 15, 12, 16
69798744, 14, 12, 15
69953520, 15, 12, 15
70108272, 14, 12, 15
70262980, 14, 11, 15
70417596, 13, 11, 14
70572164, 13, 10, 14
70726720, 13, 12, 14
70881364, 14, 12, 15
71036020, 14, 12, 15
71190724, 13, 12, 15
71345408, 14, 12, 15
71500068, 13, 10, 13
71654532, 13, 11, 13
71808968, 13, 11, 13
71963440, 13, 11, 13
72117964, 14, 11, 13
72272512, 13, 11, 14
72427108, 13, 11, 14
72581676, 13, 11, 14
72736240, 13, 11, 14
72890780, 13, 11, 14
73045348, 13, 11, 14
73199920, 13, 11, 0
73356240, 13, 11, 6
73510312, 13, 11, 14
73664856, 13, 12, 14
73819484, 13, 12, 14
73974108, 13, 12, 14
74128716, 14, 12, 14
74283376, 13, 12, 14
74438064, 13, 12, 14
74592752, 13, 12, 14
74747408, 13, 12, 14
74902084, 14, 12, 14
75056772, 13, 12, 15
75211456, 14, 12, 15
75366172, 14, 12, 14
75520808, 14, 12, 15
75675476, 14, 12, 15
75830212, 14, 12, 14
75984908, 14, 12, 14
76139596, 14, 12, 14
76294268, 14, 12, 14
76448940, 14, 12, 15
76603652, 14, 12, 15
76758384, 14, 12, 15
76913088, 14, 12, 14
77067772, 14, 12, 15
77222484, 14, 12, 15
77377216, 14, 12, 15
77531944, 14, 12, 15
77686644, 14, 12, 15
77841360, 14, 13, 14
77996064, 14, 13, 15
78150804, 14, 12, 15
78305520, 14, 13, 15
78460288, 14, 13, 15
78615052, 14, 13, 14
78769804, 14, 13, 15
78924560, 14, 13, 15
79079300, 14, 13, 14
79234024, 14, 13, 14
79388740, 14, 13, 14
79543456, 14, 13, 14
79698180, 14, 13, 14
79852896, 14, 13, 14
80007616, 14, 13, 14
80162332, 14, 13, 15
80317068, 14, 13, 15
80471812, 14, 13, 14
80626552, 14, 13, 15
80781348, 14, 13, 14
80936116, 14, 13, 15
81090912, 14, 13, 15
81245684, 14, 13, 15
81400456, 14, 13, 14
81555196, 14, 12, 14
81709868, 14, 12, 14
81864496, 13, 10, 13
82018948, 13, 10, 0
82172936, 12, 10, 0
82329128, 12, 9, 0
82485196, 12, 9, 0
82641256, 11, 8, 0
82797252, 10, 7, 0
82953132, 9, 7, 0
83108876, 9, 6, 0
83264596, 9, 6, 0
83420260, 9, 6, 0
83575968, 8, 7, 0
83731684, 9, 9, 0
83887512, 9, 9, 0
84043356, 8, 9, 0
84199168, 9, 9, 0
84355036, 9, 9, 0
84510868, 9, 8, 0
84666708, 9, 9, 0
84822552, 9, 9, 0
84978400, 9, 9, 0
85134256, 9, 7, 0
85290000, 9, 8, 0
85445800, 9, 8, 0
85601588, 9, 8, 0
85757364, 9, 9, 0
85913204, 9, 9, 0
86069040, 9, 8, 0
86224796, 9, 8, 0
86380576, 9, 7, 0
86536308, 9, 7, 0
86692048, 9, 7, 0
86847784, 9, 7, 0
87003528, 9, 8, 0
87159316, 8, 8, 0
87315096, 9, 8, 0
87470892, 9, 8, 0
87626700, 8, 8, 0
87782492, 9, 8, 0
87938300, 8, 8, 0
88094060, 8, 8, 0
88249820, 8, 8, 0
88405580, 8, 8, 0
88561332, 8, 8, 0
88717080, 8, 8, 0
88872832, 8, 8, 0
89028584, 8, 8, 0
89184344, 8, 8, 0
89340104, 8, 8, 0
89495872, 8, 8, 0
89651632, 8, 8, 0
89807392, 8, 8, 0
89963152, 8, 8, 0
90118908, 8, 8, 0
90274660, 9, 8, 0
90430436, 9, 8, 0
90586212, 9, 8, 0
90741992, 9, 8, 0
90897800, 9, 8, 0
91053608, 9, 9, 0
91209424, 9, 9, 0
91365244, 9, 9, 0
91521064, 9, 9, 0
91676884, 9, 9, 0
91832712, 9, 9, 0
91988536, 9, 9, 0
92144356, 9, 9, 0
92300176, 9, 9, 0
92455996, 9, 9, 0
92611820, 9, 9, 0
92767640, 9, 9, 0
92923460, 9, 9, 0
93079276, 9, 9, 0
93235092, 9, 9, 0
93390920, 9, 9, 0
93546744, 9, 9, 0
93702564, 9, 9, 0
93858384, 9, 9, 0
94014204, 9, 9, 0
94170028, 9, 9, 0
94325848, 9, 9, 0
94481668, 9, 9, 0
94637492, 9, 9, 0
94793316, 9, 9, 0
94949132, 9, 9, 0
95104948, 9, 9, 0
95260780, 9, 9, 0
95416612, 9, 9, 0
95572436, 9, 9, 0
95728260, 9, 9, 0
95884080, 9, 9