149253, 424, 410, 394, 393, 411, 415, 422, 404, 392, 386, 403, 410, 
149355, 424, 410, 394, 393, 412, 415, 422, 404, 392, 386, 405, 410, 
149457, 424, 410, 394, 393, 412, 415, 422, 404, 392, 386, 405, 415, 
149559, 423, 410, 394, 393, 412, 415, 425, 404, 392, 386, 405, 415, 
149660, 423, 407, 394, 393, 412, 415, 425, 408, 392, 386, 405, 415, 
149762, 423, 407, 394, 393, 412, 415, 425, 408, 393, 386, 405, 415, 
149864, 423, 407, 394, 393, 412, 415, 425, 408, 393, 387, 405, 415, 
149966, 423, 407, 394, 393, 411, 415, 425, 408, 393, 387, 401, 415, 
150068, 423, 407, 394, 393, 411, 417, 425, 408, 393, 387, 401, 412, 
150170, 427, 407, 394, 393, 411, 417, 423, 408, 393, 387, 401, 412, 
150271, 427, 410, 394, 393, 411, 417, 423, 407, 393, 387, 401, 412, 
150373, 427, 410, 394, 393, 411, 417, 423, 407, 389, 387, 401, 412, 
150475, 427, 410, 394, 394, 411, 417, 423, 407, 389, 385, 401, 412, 
150577, 427, 410, 394, 394, 412, 417, 423, 407, 389, 385, 401, 412, 
150679, 427, 410, 394, 394, 412, 415, 423, 407, 389, 385, 401, 410, 
150780, 423, 410, 394, 394, 412, 415, 423, 407, 389, 385, 401, 410, 
150882, 423, 408, 394, 394, 412, 415, 423, 407, 389, 385, 401, 410, 
150984, 423, 408, 395, 394, 412, 415, 423, 407, 395, 385, 401, 410, 
151086, 423, 408, 395, 395, 412, 415, 423, 407, 395, 387, 401, 410, 
151188, 423, 408, 395, 395, 413, 415, 423, 407, 395, 387, 408, 410, 
151290, 423, 408, 395, 395, 413, 418, 423, 407, 395, 387, 408, 411, 
151391, 425, 408, 395, 395, 413, 418, 424, 407, 395, 387, 408, 411, 
151493, 425, 410, 395, 395, 413, 418, 424, 408, 395, 387, 408, 411, 
151595, 425, 410, 396, 395, 413, 418, 424, 408, 391, 387, 408, 411, 
151697, 425, 410, 396, 394, 413, 418, 424, 408, 391, 387, 408, 411, 
151799, 425, 410, 396, 394, 411, 418, 424, 408, 391, 387, 404, 411, 
151901, 425, 410, 396, 394, 411, 413, 424, 408, 391, 387, 404, 410, 
152002, 425, 410, 396, 394, 411, 413, 423, 408, 391, 387, 404, 410, 
152104, 425, 411, 396, 394, 411, 413, 423, 406, 391, 387, 404, 410, 
152206, 425, 411, 393, 394, 411, 413, 423, 406, 392, 387, 404, 410, 
152308, 425, 411, 393, 392, 411, 413, 423, 406, 392, 386, 404, 410, 
152410, 425, 411, 393, 392, 411, 413, 423, 406, 392, 386, 403, 410, 
152512, 425, 411, 393, 392, 411, 420, 423, 406, 392, 386, 403, 410, 
152613, 424, 411, 393, 392, 411, 420, 424, 406, 392, 386, 403, 410, 
152715, 424, 408, 393, 392, 411, 420, 424, 405, 392, 386, 403, 410, 
152817, 424, 408, 392, 392, 411, 420, 424, 405, 392, 386, 403, 410, 
152919, 424, 408, 392, 390, 411, 420, 424, 405, 392, 386, 403, 410, 
153021, 424, 408, 392, 390, 410, 420, 424, 405, 392, 386, 405, 410, 
153123, 424, 408, 392, 390, 410, 416, 424, 405, 392, 386, 405, 415, 
153224, 424, 408, 392, 390, 410, 416, 427, 405, 392, 386, 405, 415, 
153326, 424, 411, 392, 390, 410, 416, 427, 405, 392, 386, 405, 415, 
153428, 424, 411, 392, 390, 410, 416, 427, 405, 392, 386, 405, 415, 
153530, 424, 411, 392, 391, 410, 416, 427, 405, 392, 386, 405, 415, 
153632, 424, 411, 392, 391, 410, 416, 427, 405, 392, 386, 406, 415, 
153734, 424, 411, 392, 391, 410, 416, 427, 405, 392, 386, 406, 411, 
153835, 426, 411, 392, 391, 410, 416, 427, 405, 392, 386, 406, 411, 
153937, 426, 409, 392, 391, 410, 416, 427, 407, 392, 386, 406, 411, 
154039, 426, 409, 395, 391, 410, 416, 427, 407, 393, 386, 406, 411, 
154141, 426, 409, 395, 391, 410, 416, 427, 407, 393, 388, 406, 411, 
154243, 426, 409, 395, 391, 412, 416, 427, 407, 393, 388, 405, 411, 
154345, 426, 409, 395, 391, 412, 415, 427, 407, 393, 388, 405, 411, 
154446, 425, 409, 395, 391, 412, 415, 424, 407, 393, 388, 405, 411, 
154548, 425, 410, 395, 391, 412, 415, 424, 407, 393, 388, 405, 411, 
154650, 425, 410, 394, 391, 412, 415, 424, 407, 390, 388, 405, 411, 
154752, 425, 410, 394, 392, 412, 415, 424, 407, 390, 386, 405, 411, 
154854, 425, 410, 394, 392, 409, 415, 424, 407, 390, 386, 403, 411, 
154955, 425, 410, 394, 392, 409, 417, 424, 407, 390, 386, 403, 413, 
155057, 427, 410, 394, 392, 409, 417, 426, 407, 390, 386, 403, 413, 
155159, 427, 409, 394, 392, 409, 417, 426, 407, 390, 386, 403, 413, 
155261, 427, 409, 395, 392, 409, 417, 426, 407, 395, 386, 403, 413, 
155363, 427, 409, 395, 394, 409, 417, 426, 407, 395, 385, 403, 413, 
155465, 427, 409, 395, 394, 414, 417, 426, 407, 395, 385, 406, 413, 
155566, 427, 409, 395, 394, 414, 416, 426, 407, 395, 385, 406, 412, 
155668, 425, 409, 395, 394, 414, 416, 426, 407, 395, 385, 406, 412, 
155770, 425, 409, 395, 394, 414, 416, 426, 406, 395, 385, 406, 412, 
155872, 425, 409, 394, 394, 414, 416, 426, 406, 393, 385, 406, 412, 
155974, 425, 409, 394, 392, 414, 416, 426, 406, 393, 386, 406, 412, 
156076, 425, 409, 394, 392, 412, 416, 426, 406, 393, 386, 404, 412, 
156177, 425, 409, 394, 392, 412, 415, 426, 406, 393, 386, 404, 408, 
156279, 425, 409, 394, 392, 412, 415, 426, 406, 393, 386, 404, 408, 
156381, 425, 408, 394, 392, 412, 415, 426, 404, 393, 386, 404, 408, 
156483, 425, 408, 395, 392, 412, 415, 426, 404, 394, 386, 404, 408, 
156585, 425, 408, 395, 391, 412, 415, 426, 404, 394, 383, 404, 408, 
156687, 425, 408, 395, 391, 410, 415, 426, 404, 394, 383, 404, 408, 
156788, 425, 408, 395, 391, 410, 418, 426, 404, 394, 383, 404, 411, 
156890, 426, 408, 395, 391, 410, 418, 423, 404, 394, 383, 404, 411, 
156992, 426, 409, 395, 391, 410, 418, 423, 405, 394, 383, 404, 411, 
157094, 426, 409, 394, 391, 410, 418, 423, 405, 393, 383, 404, 411, 
157196, 426, 409, 394, 393, 410, 418, 423, 405, 393, 387, 404, 411, 
157298, 426, 409, 394, 393, 411, 418, 423, 405, 393, 387, 406, 411, 
157399, 426, 409, 394, 393, 411, 417, 423, 405, 393, 387, 406, 412, 
157501, 424, 409, 394, 393, 411, 417, 425, 405, 393, 387, 406, 412, 
157603, 424, 410, 394, 393, 411, 417, 425, 406, 393, 387, 406, 412, 
157705, 424, 410, 393, 393, 411, 417, 425, 406, 394, 387, 406, 412, 
157807, 424, 410, 393, 394, 411, 417, 425, 406, 394, 386, 406, 412, 
157909, 424, 410, 393, 394, 413, 417, 425, 406, 394, 386, 404, 412, 
158010, 424, 410, 393, 394, 413, 415, 425, 406, 394, 386, 404, 412, 
158112, 420, 410, 393, 394, 413, 415, 422, 406, 394, 386, 404, 412, 
158214, 420, 410, 393, 394, 413, 415, 422, 405, 394, 386, 404, 412, 
158316, 420, 410, 394, 394, 413, 415, 422, 405, 394, 386, 404, 412, 
158418, 420, 410, 394, 394, 413, 415, 422, 405, 394, 386, 404, 412, 
158519, 420, 410, 394, 394, 412, 415, 422, 405, 394, 386, 405, 412, 
158621, 420, 410, 394, 394, 412, 419, 422, 405, 394, 386, 405, 413, 
